function [N  ,L , W] = dane()


N = 7;
L = 29;

x1=[1.0 1.5 2.0 2.5 3.0 3.5 4.0 4.5 5.0 5.5 6.0 6.5 7.0 7.5 8.0 8.5 9.0 9.5 10.0 10.5 11.0 11.5 12.0 12.5 13.0 13.5 14.0 14.5 15.0];
x2=[0.0 0.0 0.0 0.0 0.0 0.0 0.0 0.0 0.0 0.0 0.0 0.0 0.0 0.0 35.0 40.0 45.0 50.0 55.0 60.0 65.0 70.0 75.0 80.0 85.0 90.0 95.0 100.0 105.0];
x3=[0.0  0.0  0.0  0.0  0.0  0.0  0.0  0.0  5.0  5.5  6.0  6.5  7.0  7.5  8.0  8.5  9.0  9.5  10.0  10.5  11.0  11.5  12.0  12.5  13.0  13.5  14.0  14.5  15.0];
x4=[1.0  1.5  2.0  2.5  3.0  3.5  4.0  4.5  5.0  5.5  6.0  6.5  7.0  7.5  8.0  8.5  9.0  9.5  10.0  10.5  11.0  11.5  12.0  12.5  13.0  13.5  14.0  14.5  15.0];
x5=[0.0  0.0  0.0  0.0  0.0  0.0  0.0  0.0  0.0  0.0  0.0  0.0  0.0  0.0  10.0  15.0  20.0  25.0  30.0  35.0  40.0  45.0  50.0  55.0  60.0  65.0  70.0  75.0  80.0];
x6=[0.0  0.0  0.0  0.0  0.0  0.0  0.0  0.0  5.0  5.5  6.0  6.5  7.0  7.5  8.0  8.5  9.0  9.5  10.0  10.5  11.0  11.5  12.0  12.5  13.0  13.5  14.0  14.5  15.0];
x7=[0.0  0.0  0.0  0.0  0.0  0.0  0.0  0.0  0.0  0.0  0.0  0.0  0.0  50.0  60.0  70.0  80.0  90.0  100.0  110.0  120.0  130.0  140.0  150.0  160.0  170.0  180.0  190.0  200.0];

W = [x1;x2;x3;x4;x5;x6;x7];


end